alogorithm  precision   recall  F1  accurancy
snow: 0.7443609022556391 0.8608695652173913 0.7983870967741936 0.7
bilstm: 0.8949579831932774 0.6173913043478261 0.7307032590051459 0.686
bert: 0.8530927835051546 0.9594202898550724 0.903137789904502 0.858